_hc.v=8591203f-02e6-63bf-f3f9-07e20edce3bd.1712556947; _lx_utm=utm_source%3Dbing%26utm_medium%3Dorganic; _lxsdk=18ebc5936d6c8-00324f70cf16d1-4c657b58-384000-18ebc5936d7c8; _lxsdk_cuid=18ebc5936d6c8-00324f70cf16d1-4c657b58-384000-18ebc5936d7c8; _lxsdk_s=18ed280c296-337-26b-0e2%7C%7C262; ctu=abd3f273100f0b50daa4d5b75c2804ddb7dd200b668f10e90238f7fa3cfaf24e; cy=1; cye=shanghai; dper=020222220abe3151be75ee3aef240d8986f8957ef07cb03b32b0b3d8a805924a7933d00b1a278d5f9ceed85b09967f488085112994510ef650fb000000004f1f0000ed034b1da58402f7433a99a38d827fb3ee987e8fa4210edc7f1bb1213f834740949d2dafb2a7c0f0239ee8cc0395bce7; dplet=5e0992266fbac906368595fb497a8a8b; fspop=test; Hm_lpvt_602b80cf8079ae6591966cc70a3940e7=1712928721; Hm_lvt_602b80cf8079ae6591966cc70a3940e7=1712640670,1712843011,1712883161,1712897834; ll=7fd06e815b796be3df069dec7836c3df; m_flash2=1; qruuid=85e2339f-548a-4464-aa7f-cbc1a7689888; s_ViewType=10; ua=weh; WEBDFPID=7x6y7x683xw95wv4148z4y8826u679y881vx8832wvu979586w8xzu7y-2027996461129-1712636460219SAKKYIGfd79fef3d01d5e9aadc18ccd4d0c95071751
fspop=test; cy=1; cye=shanghai; _lx_utm=utm_source%3Dbing%26utm_medium%3Dorganic; _lxsdk_cuid=18ed57df294c8-0a0d4063d89fbe-4c657b58-154ac4-18ed57df294c8; _lxsdk=18ed57df294c8-0a0d4063d89fbe-4c657b58-154ac4-18ed57df294c8; _hc.v=eef4c7e1-7a5d-49d9-fc3b-9463faa74834.1712978785; Hm_lvt_602b80cf8079ae6591966cc70a3940e7=1712978786; qruuid=337dceb6-4d41-4afa-98d2-73a6bfaad2c6; WEBDFPID=6xww4z6z954952xw15376wx50497114w81vw42wuwy997958yy2u6v3z-2028338789533-1712978789533IGICGAAfd79fef3d01d5e9aadc18ccd4d0c95074215; dplet=972ead4e93fc0e456ffbc917186f082a; dper=02025a244b78d4653236565a7c3975932574fef94cb41984781b23faa8bafff4da9cfbf4272e45fbaa6427ddeac24fbf9ea9bfad8dd90b355517000000004f1f0000a8fe80685acbe7b11ab780c84beeeeb793cfa118831268f61d6f427fadba412d5646013e0df469b2ea75685c4bc597e7; ll=7fd06e815b796be3df069dec7836c3df; ua=%E4%BB%81%E5%96%84%E8%83%BD%E5%B9%B2%E7%9A%84%E5%B0%8F%E7%A7%A6; ctu=28f78845ba95fb6fd8cb36f1e69fd35026d5ef272f9c4d11abb6a89a415342cd; Hm_lpvt_602b80cf8079ae6591966cc70a3940e7=1712978808; _lxsdk_s=18ed57df295-a07-50-b9b%7C%7C15
_hc.v=250897c5-2a6e-d9dd-49ab-63515677fa11.1712978072; _lx_utm=utm_source%3Dbing%26utm_medium%3Dorganic; _lxsdk=18ed5730fddc8-0f5970847a3572-4c657b58-190140-18ed5730fddc8; _lxsdk_cuid=18ed5730fddc8-0f5970847a3572-4c657b58-190140-18ed5730fddc8; _lxsdk_s=18ed5730fdd-596-700-75f%7C%7C26; ctu=0f3c889a73a767c25b1ef343c18a742fddc0fd177d229645de461863346f6767; cy=1; cye=shanghai; dper=0202692334f52673c7f006c051055231c7cd2fc9bd44aad889e365d6058dc6552d4a557e5b5657f49d870ed68b09a627d806c2239a31ae4ae747000000004f1f000023fc62a4d8d3305905e13d2f69f6ca26a7b2678e0ff466e0e4833b84a904886aaea3daa5e4e118d23c24819f5bc760bb; dplet=d296e66c946698cfce62c3f0e60c8744; fspop=test; Hm_lpvt_602b80cf8079ae6591966cc70a3940e7=1712978868; Hm_lvt_602b80cf8079ae6591966cc70a3940e7=1712978072; ll=7fd06e815b796be3df069dec7836c3df; qruuid=cfeddb98-51e4-4da3-b516-f6f9d44ade7d; ua=%E6%B8%85%E9%9B%85%E8%AF%9A%E6%81%B3%E5%92%94%E5%9A%93%E7%8B%BC; WEBDFPID=y08w3w991x9v564u14v300w40yyu5xw881vw426w78y97958v13w7u96-2028338122154-1712978122154AUOKISMfd79fef3d01d5e9aadc18ccd4d0c95073175
